1492
1340
810
175
1701
1032
2301
310
694
2380
783
1344
2030
834
1376
85
1112
936
1079
689
1077
2479
2080
377
731
1009
497
1061
1702
1765
393
2243
583
628
2322
815
1919
749
249
814
1633
1205
608
980
1985
2180
930
523
101
1815
1448
98
982
1099
632
267
921
86
2238
404
1424
5
280
1434
165
489
2200
860
737
1970
1825
1121
554
1790
893
303
1227
1052
1510
812
47
1656
2142
931
782
1440
372
1899
1707
2137
378
667
1717
1792
1300
768
2379
1843
2410
2198
1314
818
634
2255
729
1662
1574
381
898
2148
2125
746
1196
448
1500
1022
1234
2121
2037
819
2279
1349
1185
751
1618
720
284
1087
1389
413
248
928
1224
1708
88
593
2163
1161
1468
71
109
671
2138
152
874
442
630
543
1018
998
406
1217
329
1080
723
2275
1961
880
1288
402
383
2463
790
257
2285
563
1251
532
646
241
2003
60
1737
401
1118
346
4
2002
792
669
1082
2443
2319
1565
1016
395
1318
624
1410
1564
2256
1954
2140
853
117
710
1345
1197
1860
1093
1232
1668
1423
1555
272
57
1181
1942
1771
2371
621
1818
2026
933
592
1106
1088
2362
879
1999
1268
589
309
219
1131
529
1751
2345
1085
1025
1755
446
957
1878
996
1624
515
1001
498
50
422
1379
884
1469
1103
469
237
