557
192
889
714
869
149
556
782
89
2078
1653
1385
1811
500
81
323
1159
735
1428
866
580
83
75
85
822
430
1054
1025
686
893
792
332
1704
1908
1662
464
885
747
1989
130
1793
1359
1271
1892
254
1670
669
1773
276
1415
86
600
1814
975
1373
611
1430
588
574
1128
1872
531
1055
1374
977
2042
2019
1897
1370
541
908
919
1853
1268
274
766
1779
457
1321
1865
1422
48
337
374
1021
1014
950
2080
1443
1454
1588
1496
592
1971
445
479
335
234
1111
1204
1306
1932
1891
962
1265
1795
1490
565
1046
1788
110
935
1591
347
1737
968
1250
951
612
776
607
1699
12
1985
1043
572
1190
1629
1907
317
58
1958
2050
65
99
1895
182
1516
1962
2024
304
890
1284
783
520
1077
18
534
88
678
825
803
314
1827
526
1172
1084
1855
1266
1336
2048
1186
1880
1743
2082
1320
294
763
2106
1597
1346
1849
872
422
1830
49
1481
35
1038
772
191
1329
1007
1383
1757
2108
1727
60
1780
813
1980
351
96
1560
24
573
186
299
331
1939
1505
1222
1164
927
1576
1473
533
141
420
154
